_ACOS 1.047197580337524  1.047197551196598  1.047197551196598  0  0  0  1.047197551196598  0 
_ASIN .5235987901687622  .523598775598299  .523598775598299  1.570796326794897  1.570796326794897  1.570796326794897  .523598775598299  1.570796326794897 
_SINH .5210952758789062  .5210953054937474  .5210953054937474  1.175201193643801  1.175201193643801  1.175201193643801  .5210953054937474  1.175201193643801 
_COSH 1.127625942230225  1.127625965206381  1.127625965206381  1.543080634815244  1.543080634815244  1.543080634815244  1.127625965206381  1.543080634815244 
_TANH .4621171653270721  .4621171572600097  .4621171572600097  .761594155955765  .761594155955765  .761594155955765  .4621171572600097  .761594155955765 
_COT 1.830487721712452  1.830487721712452  1.830487721712452  .6420926159343306  .6420926159343306  .6420926159343306  1.830487721712452  .6420926159343306 
_CSC 2.085829642933488  2.085829642933488  2.085829642933488  1.188395105778121  1.188395105778121  1.188395105778121  2.085829642933488  1.188395105778121 
_SEC 1.13949392732455  1.13949392732455  1.13949392732455  1.850815717680925  1.850815717680925  1.850815717680925  1.13949392732455  1.850815717680925 
_D2R 8.726646259971648D-03  8.726646259971648D-03  8.726646259971648D-03  .0174532925199433  .0174532925199433  .0174532925199433  8.726646259971648D-03  3.141592653589793 
_R2D 28.64788975654116  28.64788975654116  28.64788975654116  57.29577951308232  57.29577951308232  57.29577951308232  28.64788975654116  57.29577951308232 
_CEIL 1  1  1  1  1  1  1 -1  3 
a third of each: .3490658700466156  .1736984351645825  5.817764173314432D-03  .3333333432674408  .3333333333333333 
out of range: _ACOS(2)-nan(ind) _ASIN(-2)-nan(ind) 
at zero: _COT(0)  error 5 
large: _SINH(1000) inf _COSH(1000) inf _TANH(1000) 1 
_CEIL of large values: 1D+20  123456790  0 
_STRCMP:-1  1  0  1 -1  1 
_STRICMP:-1  1  0  0  1 
_STRCMP in arithmetic:-3000000000 
done
exit=0
